goal_orientation:
  w: 0.9999974446607658
  z: 0.002260679530303063
goal_position:
  x: -1.999963517665917
  y: -0.5023156099813176
