goal_orientation:
  w: 0.9998324530302345
  z: -0.018304804493461353
goal_position:
  x: 1.2749742895107359
  y: 1.7328884252850774
