goal_orientation:
  w: 0.8222029521386724
  z: 0.5691944355793124
goal_position:
  x: -1.689766835674865
  y: 1.1738429281646292
