goal_orientation:
  w: 0.4255465625902344
  z: -0.9049365298558987
goal_position:
  x: 1.2247700030876907
  y: -1.5848663068954179
